{
 "cells": [
  {
   "cell_type": "code",
   "execution_count": 32,
   "id": "9052d5a3",
   "metadata": {},
   "outputs": [],
   "source": [
    "# Libraries\n",
    "import numpy as np\n",
    "import pandas as pd\n",
    "import seaborn as sns\n",
    "import matplotlib.pyplot as plt\n",
    "from pomegranate import *\n",
    "from scipy.stats import *\n",
    "from sklearn import svm, linear_model, ensemble, naive_bayes, discriminant_analysis, model_selection, metrics\n",
    "import lightgbm\n",
    "import cvxpy as cvx\n",
    "import random as rnd\n",
    "import pdb"
   ]
  },
  {
   "cell_type": "code",
   "execution_count": 33,
   "id": "b1613c97",
   "metadata": {},
   "outputs": [],
   "source": [
    "# Supporting functions\n",
    "\n",
    "class Distances(object):\n",
    "    \n",
    "    def __init__(self,P,Q):\n",
    "        if sum(P)<1e-20 or sum(Q)<1e-20:\n",
    "            raise \"One or both vector are zero (empty)...\"\n",
    "        if len(P)!=len(Q):\n",
    "            raise \"Arrays need to be of equal sizes...\"\n",
    "        #use numpy arrays for efficient coding\n",
    "        P=np.array(P,dtype=float);Q=np.array(Q,dtype=float)\n",
    "        #Correct for zero values\n",
    "        P[np.where(P<1e-20)]=1e-20\n",
    "        Q[np.where(Q<1e-20)]=1e-20\n",
    "        self.P=P\n",
    "        self.Q=Q\n",
    "        \n",
    "    def sqEuclidean(self):\n",
    "        P=self.P; Q=self.Q; d=len(P)\n",
    "        return np.sum((P-Q)**2)\n",
    "    def probsymm(self):\n",
    "        P=self.P; Q=self.Q; d=len(P)\n",
    "        return 2*np.sum((P-Q)**2/(P+Q))\n",
    "    def topsoe(self):\n",
    "        P=self.P; Q=self.Q\n",
    "        return np.sum(P*np.log(2*P/(P+Q))+Q*np.log(2*Q/(P+Q)))\n",
    "    def hellinger(self):\n",
    "        P=self.P; Q=self.Q\n",
    "        return 2 * np.sqrt(1 - sum(np.sqrt(P * Q)))\n",
    "\n",
    "\n",
    "def DyS_distance(sc_1, sc_2, measure='topsoe'):\n",
    "   \n",
    "    dist = Distances(sc_1, sc_2)\n",
    "\n",
    "    if measure == 'sqEuclidean':\n",
    "        return dist.sqEuclidean()\n",
    "    if measure == 'topsoe':\n",
    "        return dist.topsoe()\n",
    "    if measure == 'probsymm':\n",
    "        return dist.probsymm()\n",
    "    if measure == 'hellinger':\n",
    "        return dist.hellinger()\n",
    "    print(\"Error, unknown distance specified, returning topsoe\")\n",
    "    return dist.topsoe()\n",
    "\n",
    "\n",
    "def TernarySearch(left, right, f, eps=1e-4):\n",
    "\n",
    "    while True:\n",
    "        if abs(left - right) < eps:\n",
    "            return (left + right) / 2, f((left + right) / 2)\n",
    "    \n",
    "        leftThird  = left + (right - left) / 3\n",
    "        rightThird = right - (right - left) / 3\n",
    "    \n",
    "        if f(leftThird) > f(rightThird):\n",
    "            left = leftThird\n",
    "        else:\n",
    "            right = rightThird \n",
    "\n",
    "\n",
    "def getHist(scores, nbins):\n",
    "    breaks = np.linspace(0, 1, int(nbins)+1)\n",
    "    breaks = np.delete(breaks, -1)\n",
    "    breaks = np.append(breaks,1.1)\n",
    "    \n",
    "    re = np.repeat(1/(len(breaks)-1), (len(breaks)-1))  \n",
    "    for i in range(1,len(breaks)):\n",
    "        re[i-1] = (re[i-1] + len(np.where((scores >= breaks[i-1]) & (scores < breaks[i]))[0]) ) / (len(scores)+1)\n",
    "    return re\n",
    "\n",
    "def class_dist(Y, nclasses):\n",
    "    return np.array([np.count_nonzero(Y == i) for i in range(nclasses)]) / Y.shape[0]\n",
    "\n",
    "def class2index(labels, classes):\n",
    "    return np.array([classes.index(labels[i]) for i in range(labels.shape[0])])"
   ]
  },
  {
   "cell_type": "code",
   "execution_count": 34,
   "id": "1c2e7229",
   "metadata": {},
   "outputs": [],
   "source": [
    "# Base quantifiers\n",
    "\n",
    "def DyS(pos_scores, neg_scores, test_scores, measure='topose'):\n",
    "    \n",
    "    bin_size = np.linspace(2,20,10)  #[10,20] range(10,111,10) #creating bins from 2 to 10 with step size 2\n",
    "    bin_size = np.append(bin_size, 30)\n",
    "    \n",
    "    alphas = np.zeros(len(bin_size))\n",
    "    dists = np.zeros(len(bin_size))\n",
    "    for i, bins in enumerate(bin_size):\n",
    "        #....Creating Histograms bins score\\counts for validation and test set...............\n",
    "        \n",
    "        p_bin_count = getHist(pos_scores, bins)\n",
    "        n_bin_count = getHist(neg_scores, bins)\n",
    "        te_bin_count = getHist(test_scores, bins)\n",
    "        \n",
    "        def f(x):            \n",
    "            return(DyS_distance(((p_bin_count*x) + (n_bin_count*(1-x))), te_bin_count, measure = measure))\n",
    "    \n",
    "        alphas[i], dists[i] = TernarySearch(0, 1, f)\n",
    "    \n",
    "    return np.median(alphas)\n",
    "    \n",
    "def EMQ(test_scores, train_labels, nclasses):\n",
    "    max_it = 1000        # Max num of iterations\n",
    "    eps = 1e-6           # Small constant for stopping criterium\n",
    "\n",
    "    p_tr = class_dist(train_labels, nclasses)\n",
    "    p_s = np.copy(p_tr)\n",
    "    p_cond_tr = np.array(test_scores)\n",
    "    p_cond_s = np.zeros(p_cond_tr.shape)\n",
    "\n",
    "    for it in range(max_it):\n",
    "        r = p_s / p_tr\n",
    "        p_cond_s = p_cond_tr * r\n",
    "        s = np.sum(p_cond_s, axis = 1)\n",
    "        for c in range(nclasses):\n",
    "            p_cond_s[:,c] = p_cond_s[:,c] / s\n",
    "        p_s_old = np.copy(p_s)\n",
    "        p_s = np.sum(p_cond_s, axis = 0) / p_cond_s.shape[0]\n",
    "        if (np.sum(np.abs(p_s - p_s_old)) < eps):\n",
    "            break\n",
    "\n",
    "    return(p_s/np.sum(p_s))\n",
    "\n",
    "def GAC(train_scores, test_scores, train_labels, nclasses):\n",
    "   \n",
    "    yt_hat = np.argmax(train_scores, axis = 1)\n",
    "    y_hat = np.argmax(test_scores, axis = 1)\n",
    "    CM = metrics.confusion_matrix(train_labels, yt_hat, normalize=\"true\").T\n",
    "    p_y_hat = np.zeros(nclasses)\n",
    "    values, counts = np.unique(y_hat, return_counts=True)\n",
    "    p_y_hat[values] = counts\n",
    "    p_y_hat = p_y_hat/p_y_hat.sum()\n",
    "    \n",
    "    p_hat = cvx.Variable(CM.shape[1])\n",
    "    constraints = [p_hat >= 0, cvx.sum(p_hat) == 1.0]\n",
    "    problem = cvx.Problem(cvx.Minimize(cvx.norm(CM @ p_hat - p_y_hat)), constraints)\n",
    "    problem.solve()\n",
    "    return p_hat.value\n",
    "\n",
    "def GPAC(train_scores, test_scores, train_labels, nclasses):\n",
    "\n",
    "    CM = np.zeros((nclasses, nclasses))\n",
    "    for i in range(nclasses):\n",
    "        idx = np.where(train_labels == i)[0]\n",
    "        CM[i] = np.sum(train_scores[idx], axis=0)\n",
    "        CM[i] /= np.sum(CM[i])\n",
    "    CM = CM.T\n",
    "    p_y_hat = np.sum(test_scores, axis = 0)\n",
    "    p_y_hat = p_y_hat / np.sum(p_y_hat)\n",
    "    \n",
    "    p_hat = cvx.Variable(CM.shape[1])\n",
    "    constraints = [p_hat >= 0, cvx.sum(p_hat) == 1.0]\n",
    "    problem = cvx.Problem(cvx.Minimize(cvx.norm(CM @ p_hat - p_y_hat)), constraints)\n",
    "    problem.solve()\n",
    "    return p_hat.value\n",
    "\n",
    "def FM(train_scores, test_scores, train_labels, nclasses):\n",
    "\n",
    "    CM = np.zeros((nclasses, nclasses))\n",
    "    y_cts = np.array([np.count_nonzero(train_labels == i) for i in range(nclasses)])\n",
    "    p_yt = y_cts / train_labels.shape[0]\n",
    "    for i in range(nclasses):\n",
    "        idx = np.where(train_labels == i)[0]\n",
    "        CM[:, i] += np.sum(train_scores[idx] > p_yt, axis=0) \n",
    "    CM = CM / y_cts\n",
    "    p_y_hat = np.sum(test_scores > p_yt, axis = 0) / test_scores.shape[0]\n",
    "    \n",
    "    p_hat = cvx.Variable(CM.shape[1])\n",
    "    constraints = [p_hat >= 0, cvx.sum(p_hat) == 1.0]\n",
    "    problem = cvx.Problem(cvx.Minimize(cvx.norm(CM @ p_hat - p_y_hat)), constraints)\n",
    "    problem.solve()\n",
    "    return p_hat.value"
   ]
  },
  {
   "cell_type": "code",
   "execution_count": 35,
   "id": "d8279968",
   "metadata": {},
   "outputs": [],
   "source": [
    "# Ensemble quantifiers\n",
    "\n",
    "def EnsembleDyS(train_scores, test_scores, train_labels, nmodels, nclasses):\n",
    "    p_hat = np.zeros((nmodels, nclasses))\n",
    "    for m in range(nmodels):\n",
    "        for c in range(nclasses):\n",
    "            pos_scores = [x[c] for indx,x in enumerate(train_scores[m]) if train_labels[indx] == c]\n",
    "            neg_scores = [x[c] for indx,x in enumerate(train_scores[m]) if train_labels[indx] != c]\n",
    "            te_scores = [x[c] for x in test_scores[m]]\n",
    "            p_hat[m][c] = DyS(pos_scores, neg_scores, te_scores, measure='topsoe')\n",
    "        p_hat[m] = p_hat[m] / np.sum(p_hat[m])\n",
    "        \n",
    "    p = np.median(p_hat, axis = 0)\n",
    "    return(p/np.sum(p))\n",
    "\n",
    "def EnsembleEM(test_scores, train_labels, nmodels, nclasses):\n",
    "    p_hat = np.zeros((nmodels, nclasses))\n",
    "    for m in range(nmodels):\n",
    "        pdb.set_trace()\n",
    "        p_hat[m] = EMQ(test_scores[m], train_labels, nclasses)\n",
    "    \n",
    "    p = np.median(p_hat, axis = 0)\n",
    "    return(p/np.sum(p))\n",
    "\n",
    "def EnsembleGAC(train_scores, test_scores, train_labels, nmodels, nclasses):\n",
    "    p_hat = np.zeros((nmodels, nclasses))\n",
    "    for m in range(nmodels):\n",
    "        p_hat[m] = GAC(train_scores[m], test_scores[m], train_labels, nclasses)\n",
    "    \n",
    "    p = np.median(p_hat, axis = 0)\n",
    "    return(p/np.sum(p))\n",
    "\n",
    "def EnsembleGPAC(train_scores, test_scores, train_labels, nmodels, nclasses):\n",
    "    p_hat = np.zeros((nmodels, nclasses))\n",
    "    for m in range(nmodels):\n",
    "        p_hat[m] = GPAC(train_scores[m], test_scores[m], train_labels, nclasses)\n",
    "    \n",
    "    p = np.median(p_hat, axis = 0)\n",
    "    return(p/np.sum(p))\n",
    "\n",
    "def EnsembleFM(train_scores, test_scores, train_labels, nmodels, nclasses):\n",
    "    p_hat = np.zeros((nmodels, nclasses))\n",
    "    for m in range(nmodels):\n",
    "        p_hat[m] = FM(train_scores[m], test_scores[m], train_labels, nclasses)\n",
    "    \n",
    "    p = np.median(p_hat, axis = 0)\n",
    "    return(p/np.sum(p))"
   ]
  },
  {
   "cell_type": "code",
   "execution_count": 40,
   "id": "27b3452c",
   "metadata": {},
   "outputs": [
    {
     "name": "stdout",
     "output_type": "stream",
     "text": [
      "[0.26982652 0.37636464 0.35380884]\n",
      "None\n"
     ]
    }
   ],
   "source": [
    "print(print(EnsembleFM(train_scores, test_scores, train_labels, nmodels, 3)))"
   ]
  },
  {
   "cell_type": "code",
   "execution_count": 45,
   "id": "fa9e7a22",
   "metadata": {},
   "outputs": [
    {
     "data": {
      "text/plain": [
       "7"
      ]
     },
     "execution_count": 45,
     "metadata": {},
     "output_type": "execute_result"
    }
   ],
   "source": [
    "nmodels"
   ]
  },
  {
   "cell_type": "code",
   "execution_count": 5,
   "id": "ef3c3bbf",
   "metadata": {},
   "outputs": [],
   "source": [
    "# Model Building functions\n",
    "\n",
    "def getScores(X_train, X_test, Y_train, nclasses):\n",
    "\n",
    "    models = [linear_model.LogisticRegression(solver='liblinear', multi_class='ovr'),\n",
    "              discriminant_analysis.LinearDiscriminantAnalysis(),\n",
    "              ensemble.RandomForestClassifier(),\n",
    "              svm.SVC(probability=True),\n",
    "              lightgbm.LGBMClassifier(),\n",
    "              naive_bayes.GaussianNB(),\n",
    "              ensemble.GradientBoostingClassifier()]\n",
    "   \n",
    "    train_scores = np.zeros((len(models), len(X_train), nclasses))\n",
    "    test_scores = np.zeros((len(models), len(X_test), nclasses))\n",
    "    for i, model in enumerate(models):\n",
    "       \n",
    "        Y_cts = np.unique(Y_train, return_counts=True)\n",
    "        nfolds = min(10, min(Y_cts[1]))\n",
    "       \n",
    "        if nfolds > 1:\n",
    "            kfold = model_selection.StratifiedKFold(n_splits=nfolds, random_state=1, shuffle=True)\n",
    "            for train, test in kfold.split(X_train, Y_train):\n",
    "                model.fit(X_train[train], Y_train[train])\n",
    "                train_scores[i][test] = model.predict_proba(X_train)[test]\n",
    "       \n",
    "        model.fit(X_train, Y_train)\n",
    "        test_scores[i] = model.predict_proba(X_test)\n",
    "       \n",
    "        if nfolds < 2:\n",
    "            train_scores[i] = model.predict_proba(X_train)\n",
    "            \n",
    "    return train_scores, test_scores, len(models)\n",
    "\n",
    "# Test data sampler\n",
    "# testSampler(test_scores, test_labels, 0, .3, 100, 3) => Sample test_scores and test_labels considering\n",
    "# class 0 as a positive class with a 30% prevalence. The remaining two negative classes will have random  \n",
    "# prevalence values in the range 0-70% and the three class prevalence will sum to 100%.\n",
    "\n",
    "def testSampler(test_scores, test_labels, pos, ppos, nsamples, nclasses):\n",
    "\n",
    "    sampled_labels = np.zeros(nsamples)\n",
    "    \n",
    "    nsamples_class = np.array([np.count_nonzero(test_labels == i) for i in range(nclasses)])\n",
    "    if (np.count_nonzero(nsamples_class < nsamples) > 0):\n",
    "        print(\"testSampler: one or more classes have less than \", nsamples, \"examples\")\n",
    "        return \n",
    "\n",
    "    neg = 1 - ppos\n",
    "    prevalences = np.zeros(nclasses)\n",
    "    prevalences[pos] = ppos\n",
    "    for i in range(nclasses-1):\n",
    "        if i != pos:\n",
    "            if neg * 100 > 0:\n",
    "                prevalences[i] = rnd.randrange(0, round(neg*100)) / 100\n",
    "            neg -= prevalences[i]\n",
    "    if (pos == nclasses-1):\n",
    "        prevalences[nclasses-2] += neg\n",
    "    else:\n",
    "        prevalences[nclasses-1] += neg\n",
    "        \n",
    "    print(prevalences)\n",
    "    sampled_idxs = np.zeros(nsamples).astype(int)\n",
    "    pos = 0\n",
    "    for i in range(nclasses):\n",
    "        nitems = round(prevalences[i] * nsamples)\n",
    "        idxs = [idx for idx in range(len(test_labels)) if test_labels[idx] == i]\n",
    "        sampled_idxs[pos : pos+nitems] = rnd.sample(idxs, nitems)\n",
    "        pos += nitems\n",
    "    \n",
    "    sampled_labels = test_labels[sampled_idxs]\n",
    "    sampled_scores = test_scores[:, sampled_idxs]\n",
    "    \n",
    "    return sampled_scores, sampled_labels"
   ]
  },
  {
   "cell_type": "code",
   "execution_count": 6,
   "id": "d1e1a1af",
   "metadata": {},
   "outputs": [
    {
     "ename": "NameError",
     "evalue": "name 'test_scores' is not defined",
     "output_type": "error",
     "traceback": [
      "\u001b[0;31m---------------------------------------------------------------------------\u001b[0m",
      "\u001b[0;31mNameError\u001b[0m                                 Traceback (most recent call last)",
      "\u001b[0;32m<ipython-input-6-08788803d219>\u001b[0m in \u001b[0;36m<module>\u001b[0;34m\u001b[0m\n\u001b[0;32m----> 1\u001b[0;31m \u001b[0mtestSampler\u001b[0m\u001b[0;34m(\u001b[0m\u001b[0mtest_scores\u001b[0m\u001b[0;34m,\u001b[0m \u001b[0mtest_labels\u001b[0m\u001b[0;34m,\u001b[0m \u001b[0;36m2\u001b[0m\u001b[0;34m,\u001b[0m \u001b[0;36m.5\u001b[0m\u001b[0;34m,\u001b[0m \u001b[0;36m40\u001b[0m\u001b[0;34m,\u001b[0m \u001b[0;36m3\u001b[0m\u001b[0;34m)\u001b[0m\u001b[0;34m\u001b[0m\u001b[0;34m\u001b[0m\u001b[0m\n\u001b[0m",
      "\u001b[0;31mNameError\u001b[0m: name 'test_scores' is not defined"
     ]
    }
   ],
   "source": [
    "testSampler(test_scores, test_labels, 2, .5, 40, 3)"
   ]
  },
  {
   "cell_type": "code",
   "execution_count": 37,
   "id": "5679c581",
   "metadata": {},
   "outputs": [],
   "source": [
    "#X_train = np.load(\"scores/SkillCraft/Row2/Class1/X_train.npy\")\n",
    "#X_test = np.load(\"scores/SkillCraft/Row2/Class1/X_test.npy\")\n",
    "#Y_train = np.load(\"scores/SkillCraft/Row2/Class1/y_train.npy\")\n",
    "#Y_test = np.load(\"scores/SkillCraft/Row2/Class1/y_test.npy\")\n",
    "\n",
    "#train_labels = class2index(Y_train, (1,2,3))\n",
    "#test_labels = class2index(Y_test, (1,2,3))\n",
    "\n",
    "from sklearn import datasets\n",
    "\n",
    "iris = datasets.load_iris()\n",
    "X = iris.data\n",
    "y = iris.target\n",
    "\n",
    "from sklearn.model_selection import train_test_split\n",
    "\n",
    "X_train, X_test, y_train, y_test = train_test_split(X, y)\n",
    "\n",
    "train_labels = class2index(y_train, (0,1,2))\n",
    "test_labels = class2index(y_test, (0,1,2))\n",
    "\n",
    "train_scores, test_scores, nmodels = getScores(X_train, X_test, y_train, 3)"
   ]
  },
  {
   "cell_type": "code",
   "execution_count": 18,
   "id": "08c8867d",
   "metadata": {},
   "outputs": [
    {
     "name": "stdout",
     "output_type": "stream",
     "text": [
      "[0.28947368 0.44736842 0.26315789]\n"
     ]
    }
   ],
   "source": [
    "print(class_dist(test_labels, 3))"
   ]
  },
  {
   "cell_type": "code",
   "execution_count": 30,
   "id": "04a52191",
   "metadata": {},
   "outputs": [
    {
     "name": "stdout",
     "output_type": "stream",
     "text": [
      "> \u001b[0;32m<ipython-input-29-2e77d15a1843>\u001b[0m(20)\u001b[0;36mEnsembleEM\u001b[0;34m()\u001b[0m\n",
      "\u001b[0;32m     18 \u001b[0;31m    \u001b[0;32mfor\u001b[0m \u001b[0mm\u001b[0m \u001b[0;32min\u001b[0m \u001b[0mrange\u001b[0m\u001b[0;34m(\u001b[0m\u001b[0mnmodels\u001b[0m\u001b[0;34m)\u001b[0m\u001b[0;34m:\u001b[0m\u001b[0;34m\u001b[0m\u001b[0;34m\u001b[0m\u001b[0m\n",
      "\u001b[0m\u001b[0;32m     19 \u001b[0;31m        \u001b[0mpdb\u001b[0m\u001b[0;34m.\u001b[0m\u001b[0mset_trace\u001b[0m\u001b[0;34m(\u001b[0m\u001b[0;34m)\u001b[0m\u001b[0;34m\u001b[0m\u001b[0;34m\u001b[0m\u001b[0m\n",
      "\u001b[0m\u001b[0;32m---> 20 \u001b[0;31m        \u001b[0mp_hat\u001b[0m\u001b[0;34m[\u001b[0m\u001b[0mm\u001b[0m\u001b[0;34m]\u001b[0m \u001b[0;34m=\u001b[0m \u001b[0mEMQ\u001b[0m\u001b[0;34m(\u001b[0m\u001b[0mtest_scores\u001b[0m\u001b[0;34m[\u001b[0m\u001b[0mm\u001b[0m\u001b[0;34m]\u001b[0m\u001b[0;34m,\u001b[0m \u001b[0mtrain_labels\u001b[0m\u001b[0;34m,\u001b[0m \u001b[0mnclasses\u001b[0m\u001b[0;34m)\u001b[0m\u001b[0;34m\u001b[0m\u001b[0;34m\u001b[0m\u001b[0m\n",
      "\u001b[0m\u001b[0;32m     21 \u001b[0;31m\u001b[0;34m\u001b[0m\u001b[0m\n",
      "\u001b[0m\u001b[0;32m     22 \u001b[0;31m    \u001b[0mp\u001b[0m \u001b[0;34m=\u001b[0m \u001b[0mnp\u001b[0m\u001b[0;34m.\u001b[0m\u001b[0mmedian\u001b[0m\u001b[0;34m(\u001b[0m\u001b[0mp_hat\u001b[0m\u001b[0;34m,\u001b[0m \u001b[0maxis\u001b[0m \u001b[0;34m=\u001b[0m \u001b[0;36m0\u001b[0m\u001b[0;34m)\u001b[0m\u001b[0;34m\u001b[0m\u001b[0;34m\u001b[0m\u001b[0m\n",
      "\u001b[0m\n",
      "array([[[1.38170983e-004, 3.50003847e-001, 6.49857982e-001],\n",
      "        [2.24786027e-002, 5.56101703e-001, 4.21419695e-001],\n",
      "        [8.37023245e-001, 1.62833279e-001, 1.43476116e-004],\n",
      "        [1.37521744e-002, 6.22707881e-001, 3.63539944e-001],\n",
      "        [3.58457246e-003, 4.40125232e-001, 5.56290196e-001],\n",
      "        [1.71967811e-003, 3.47864307e-001, 6.50416015e-001],\n",
      "        [6.89394304e-003, 3.02224403e-001, 6.90881654e-001],\n",
      "        [2.19069400e-003, 3.69094878e-001, 6.28714428e-001],\n",
      "        [8.63748078e-001, 1.36158126e-001, 9.37959544e-005],\n",
      "        [4.23273707e-002, 6.96242741e-001, 2.61429889e-001],\n",
      "        [3.06726004e-002, 8.09829789e-001, 1.59497611e-001],\n",
      "        [3.65890340e-004, 1.59752739e-001, 8.39881371e-001],\n",
      "        [8.10703275e-001, 1.89221432e-001, 7.52925577e-005],\n",
      "        [3.44338859e-003, 4.77492991e-001, 5.19063620e-001],\n",
      "        [1.47521290e-003, 2.82129860e-001, 7.16394927e-001],\n",
      "        [5.35618996e-003, 3.51214925e-001, 6.43428885e-001],\n",
      "        [5.23273411e-002, 7.27533443e-001, 2.20139216e-001],\n",
      "        [9.09885270e-001, 8.99609186e-002, 1.53811003e-004],\n",
      "        [3.03691513e-001, 6.14988357e-001, 8.13201292e-002],\n",
      "        [8.53605527e-001, 1.46288657e-001, 1.05815275e-004],\n",
      "        [2.91052567e-002, 6.53362290e-001, 3.17532454e-001],\n",
      "        [8.66270506e-001, 1.33697298e-001, 3.21966546e-005],\n",
      "        [5.36431617e-002, 4.34005156e-001, 5.12351682e-001],\n",
      "        [7.25866841e-002, 7.70203298e-001, 1.57210018e-001],\n",
      "        [1.39637082e-001, 6.90257563e-001, 1.70105354e-001],\n",
      "        [9.27290856e-001, 7.26968447e-002, 1.22990390e-005],\n",
      "        [5.95626276e-004, 2.81287209e-001, 7.18117164e-001],\n",
      "        [4.46330284e-002, 4.77244157e-001, 4.78122815e-001],\n",
      "        [1.47521290e-003, 2.82129860e-001, 7.16394927e-001],\n",
      "        [8.77223714e-001, 1.22728686e-001, 4.76000925e-005],\n",
      "        [8.97633982e-001, 1.02344275e-001, 2.17426997e-005],\n",
      "        [5.24556105e-002, 6.18998537e-001, 3.28545852e-001],\n",
      "        [7.59809129e-003, 4.57608403e-001, 5.34793505e-001],\n",
      "        [8.62740245e-001, 1.37212667e-001, 4.70879517e-005],\n",
      "        [2.81056965e-002, 7.40960766e-001, 2.30933538e-001],\n",
      "        [5.46600189e-002, 7.41436957e-001, 2.03903024e-001],\n",
      "        [8.80285407e-001, 1.19603965e-001, 1.10627224e-004],\n",
      "        [1.47701952e-003, 3.23856093e-001, 6.74666888e-001]],\n",
      "\n",
      "       [[1.61920308e-057, 1.48728090e-008, 9.99999985e-001],\n",
      "        [2.32561096e-025, 9.99393535e-001, 6.06465193e-004],\n",
      "        [1.00000000e+000, 4.62799560e-019, 1.40553005e-041],\n",
      "        [2.46510521e-025, 9.99887722e-001, 1.12277996e-004],\n",
      "        [1.23804958e-032, 7.32409460e-001, 2.67590540e-001],\n",
      "        [2.50033716e-040, 4.18648664e-003, 9.95813513e-001],\n",
      "        [1.90201610e-033, 1.83556334e-001, 8.16443666e-001],\n",
      "        [1.79893593e-036, 1.11563105e-001, 8.88436895e-001],\n",
      "        [1.00000000e+000, 1.07218920e-020, 1.21459956e-043],\n",
      "        [4.67519893e-019, 9.99999976e-001, 2.35387789e-008],\n",
      "        [2.72507824e-019, 9.99999961e-001, 3.91499120e-008],\n",
      "        [4.31157754e-061, 1.37121036e-010, 1.00000000e+000],\n",
      "        [1.00000000e+000, 1.47930880e-021, 2.06708738e-045],\n",
      "        [3.60362060e-032, 8.87405789e-001, 1.12594211e-001],\n",
      "        [3.03281956e-043, 4.30595795e-004, 9.99569404e-001],\n",
      "        [8.40992327e-034, 2.07828567e-001, 7.92171433e-001],\n",
      "        [3.70114494e-019, 9.99999861e-001, 1.38942084e-007],\n",
      "        [1.00000000e+000, 2.09811964e-017, 5.75540582e-038],\n",
      "        [3.26159393e-011, 1.00000000e+000, 1.33348917e-010],\n",
      "        [1.00000000e+000, 7.15123199e-021, 4.44478217e-044],\n",
      "        [1.38855220e-024, 9.99370396e-001, 6.29603651e-004],\n",
      "        [1.00000000e+000, 1.49504252e-024, 5.17952921e-049],\n",
      "        [1.43833865e-024, 9.97390280e-001, 2.60971959e-003],\n",
      "        [8.84857582e-017, 9.99999993e-001, 7.48120505e-009],\n",
      "        [8.57458031e-015, 9.99999999e-001, 1.43368682e-009],\n",
      "        [1.00000000e+000, 6.49073103e-029, 1.40082868e-054],\n",
      "        [1.59095564e-050, 1.57883912e-006, 9.99998421e-001],\n",
      "        [4.13957101e-023, 9.99952740e-001, 4.72599697e-005],\n",
      "        [3.03281956e-043, 4.30595795e-004, 9.99569404e-001],\n",
      "        [1.00000000e+000, 6.73020818e-022, 7.71676557e-045],\n",
      "        [1.00000000e+000, 1.54231193e-024, 2.33621524e-048],\n",
      "        [5.61070187e-023, 9.99796340e-001, 2.03659958e-004],\n",
      "        [4.81710870e-031, 6.98556278e-001, 3.01443722e-001],\n",
      "        [1.00000000e+000, 4.93788901e-023, 6.68853596e-047],\n",
      "        [9.52623157e-023, 9.99976142e-001, 2.38576074e-005],\n",
      "        [4.27891897e-021, 9.99987311e-001, 1.26890588e-005],\n",
      "        [1.00000000e+000, 3.74696609e-019, 5.25494281e-041],\n",
      "        [3.00400720e-041, 1.53963105e-003, 9.98460369e-001]],\n",
      "\n",
      "       [[0.00000000e+000, 0.00000000e+000, 1.00000000e+000],\n",
      "        [0.00000000e+000, 1.00000000e+000, 0.00000000e+000],\n",
      "        [1.00000000e+000, 0.00000000e+000, 0.00000000e+000],\n",
      "        [0.00000000e+000, 1.00000000e+000, 0.00000000e+000],\n",
      "        [0.00000000e+000, 3.10000000e-001, 6.90000000e-001],\n",
      "        [0.00000000e+000, 2.00000000e-002, 9.80000000e-001],\n",
      "        [0.00000000e+000, 5.50000000e-001, 4.50000000e-001],\n",
      "        [0.00000000e+000, 1.30000000e-001, 8.70000000e-001],\n",
      "        [1.00000000e+000, 0.00000000e+000, 0.00000000e+000],\n",
      "        [2.00000000e-002, 8.80000000e-001, 1.00000000e-001],\n",
      "        [0.00000000e+000, 9.20000000e-001, 8.00000000e-002],\n",
      "        [0.00000000e+000, 0.00000000e+000, 1.00000000e+000],\n",
      "        [1.00000000e+000, 0.00000000e+000, 0.00000000e+000],\n",
      "        [0.00000000e+000, 6.00000000e-001, 4.00000000e-001],\n",
      "        [0.00000000e+000, 0.00000000e+000, 1.00000000e+000],\n",
      "        [0.00000000e+000, 5.10000000e-001, 4.90000000e-001],\n",
      "        [0.00000000e+000, 9.90000000e-001, 1.00000000e-002],\n",
      "        [1.00000000e+000, 0.00000000e+000, 0.00000000e+000],\n",
      "        [3.00000000e-002, 9.20000000e-001, 5.00000000e-002],\n",
      "        [1.00000000e+000, 0.00000000e+000, 0.00000000e+000],\n",
      "        [0.00000000e+000, 1.00000000e+000, 0.00000000e+000],\n",
      "        [1.00000000e+000, 0.00000000e+000, 0.00000000e+000],\n",
      "        [2.00000000e-002, 9.10000000e-001, 7.00000000e-002],\n",
      "        [0.00000000e+000, 1.00000000e+000, 0.00000000e+000],\n",
      "        [2.00000000e-002, 8.30000000e-001, 1.50000000e-001],\n",
      "        [1.00000000e+000, 0.00000000e+000, 0.00000000e+000],\n",
      "        [0.00000000e+000, 0.00000000e+000, 1.00000000e+000],\n",
      "        [1.00000000e-002, 9.60000000e-001, 3.00000000e-002],\n",
      "        [0.00000000e+000, 0.00000000e+000, 1.00000000e+000],\n",
      "        [1.00000000e+000, 0.00000000e+000, 0.00000000e+000],\n",
      "        [9.90000000e-001, 1.00000000e-002, 0.00000000e+000],\n",
      "        [0.00000000e+000, 1.00000000e+000, 0.00000000e+000],\n",
      "        [0.00000000e+000, 4.00000000e-002, 9.60000000e-001],\n",
      "        [1.00000000e+000, 0.00000000e+000, 0.00000000e+000],\n",
      "        [0.00000000e+000, 1.00000000e+000, 0.00000000e+000],\n",
      "        [0.00000000e+000, 1.00000000e+000, 0.00000000e+000],\n",
      "        [1.00000000e+000, 0.00000000e+000, 0.00000000e+000],\n",
      "        [0.00000000e+000, 0.00000000e+000, 1.00000000e+000]],\n",
      "\n",
      "       [[1.30753008e-002, 1.74412046e-003, 9.85180579e-001],\n",
      "        [1.08253249e-002, 8.70658572e-001, 1.18516103e-001],\n",
      "        [9.57660674e-001, 2.96963653e-002, 1.26429604e-002],\n",
      "        [9.53150823e-003, 8.84217253e-001, 1.06251239e-001],\n",
      "        [1.18571468e-002, 3.34502975e-001, 6.53639878e-001],\n",
      "        [1.17901032e-002, 1.54130413e-001, 8.34079484e-001],\n",
      "        [1.35262010e-002, 4.34164254e-001, 5.52309545e-001],\n",
      "        [1.18250353e-002, 2.58592871e-001, 7.29582094e-001],\n",
      "        [9.61615727e-001, 2.63041966e-002, 1.20800767e-002],\n",
      "        [5.06552785e-002, 9.35269099e-001, 1.40756221e-002],\n",
      "        [1.42367216e-002, 9.77982581e-001, 7.78069711e-003],\n",
      "        [8.36398735e-003, 1.19650274e-003, 9.90439510e-001],\n",
      "        [9.60445863e-001, 2.77561617e-002, 1.17979750e-002],\n",
      "        [1.10945094e-002, 5.20413695e-001, 4.68491796e-001],\n",
      "        [1.17867881e-002, 1.15037830e-001, 8.73175382e-001],\n",
      "        [1.26932652e-002, 4.12555205e-001, 5.74751529e-001],\n",
      "        [2.10709104e-002, 9.70585873e-001, 8.34321646e-003],\n",
      "        [9.48905933e-001, 3.66673926e-002, 1.44266744e-002],\n",
      "        [1.82645440e-001, 7.82977807e-001, 3.43767531e-002],\n",
      "        [9.68396732e-001, 2.06918078e-002, 1.09114603e-002],\n",
      "        [1.29011484e-002, 7.60161820e-001, 2.26937031e-001],\n",
      "        [9.65945999e-001, 2.30540717e-002, 1.09999297e-002],\n",
      "        [1.52022918e-002, 8.55870852e-001, 1.28926857e-001],\n",
      "        [3.24153927e-002, 9.58679944e-001, 8.90466327e-003],\n",
      "        [1.11304298e-001, 8.63073750e-001, 2.56219522e-002],\n",
      "        [9.71647071e-001, 1.70627342e-002, 1.12901946e-002],\n",
      "        [8.47546266e-003, 8.43175374e-003, 9.83092784e-001],\n",
      "        [2.50151524e-002, 9.58787388e-001, 1.61974594e-002],\n",
      "        [1.17867881e-002, 1.15037830e-001, 8.73175382e-001],\n",
      "        [9.50891782e-001, 3.55847541e-002, 1.35234643e-002],\n",
      "        [9.42162259e-001, 4.13975515e-002, 1.64401894e-002],\n",
      "        [1.28510809e-002, 8.84326169e-001, 1.02822750e-001],\n",
      "        [1.31446216e-002, 2.98812887e-001, 6.88042492e-001],\n",
      "        [9.62789015e-001, 2.56372606e-002, 1.15737242e-002],\n",
      "        [1.06329395e-002, 8.94339985e-001, 9.50270751e-002],\n",
      "        [1.24115467e-002, 9.31228058e-001, 5.63603950e-002],\n",
      "        [9.53155580e-001, 3.35213059e-002, 1.33231145e-002],\n",
      "        [9.96264723e-003, 3.38189421e-002, 9.56218411e-001]],\n",
      "\n",
      "       [[7.41731879e-007, 2.40560752e-005, 9.99975202e-001],\n",
      "        [2.54792638e-005, 9.99602915e-001, 3.71605654e-004],\n",
      "        [9.99984867e-001, 1.46836364e-005, 4.49089378e-007],\n",
      "        [2.17881296e-005, 9.99648322e-001, 3.29889636e-004],\n",
      "        [1.77269138e-005, 2.18598478e-002, 9.78122425e-001],\n",
      "        [7.86153585e-007, 1.11319730e-005, 9.99988082e-001],\n",
      "        [2.14328946e-005, 5.99466714e-003, 9.93983900e-001],\n",
      "        [9.45129626e-007, 1.86535563e-005, 9.99980401e-001],\n",
      "        [9.99991649e-001, 7.90175978e-006, 4.49092424e-007],\n",
      "        [8.23777094e-005, 9.96803532e-001, 3.11409052e-003],\n",
      "        [2.61170375e-005, 9.99114344e-001, 8.59538758e-004],\n",
      "        [3.52063795e-005, 3.73759922e-004, 9.99591034e-001],\n",
      "        [9.99972002e-001, 2.76305280e-005, 3.67068661e-007],\n",
      "        [1.00722711e-004, 9.53805490e-001, 4.60937874e-002],\n",
      "        [9.24231605e-007, 5.24297212e-005, 9.99946646e-001],\n",
      "        [1.94161836e-005, 3.38674692e-003, 9.96593837e-001],\n",
      "        [6.19241946e-006, 9.99791716e-001, 2.02091913e-004],\n",
      "        [9.98274036e-001, 1.70718849e-003, 1.87755665e-005],\n",
      "        [1.86919623e-003, 9.95199566e-001, 2.93123827e-003],\n",
      "        [9.99984866e-001, 1.46836364e-005, 4.49956081e-007],\n",
      "        [1.96005394e-005, 9.99968586e-001, 1.18136542e-005],\n",
      "        [9.99937985e-001, 6.16059892e-005, 4.09429124e-007],\n",
      "        [6.36503019e-003, 9.87587108e-001, 6.04786138e-003],\n",
      "        [6.05689562e-006, 9.99790780e-001, 2.03163487e-004],\n",
      "        [1.80630327e-003, 9.95075478e-001, 3.11821916e-003],\n",
      "        [9.99937985e-001, 6.16059892e-005, 4.08916373e-007],\n",
      "        [6.94205294e-007, 1.36810765e-005, 9.99985625e-001],\n",
      "        [1.31141545e-005, 9.99803382e-001, 1.83503797e-004],\n",
      "        [9.24231605e-007, 5.24297212e-005, 9.99946646e-001],\n",
      "        [9.99937985e-001, 6.16059892e-005, 4.08916373e-007],\n",
      "        [9.99415046e-001, 5.84545519e-004, 4.08262102e-007],\n",
      "        [6.09463798e-005, 9.99923976e-001, 1.50775113e-005],\n",
      "        [1.02186809e-006, 8.40456638e-005, 9.99914932e-001],\n",
      "        [9.99991955e-001, 7.63684336e-006, 4.08234057e-007],\n",
      "        [9.66696962e-006, 9.99856719e-001, 1.33614154e-004],\n",
      "        [8.63795216e-006, 9.99902307e-001, 8.90549692e-005],\n",
      "        [9.99991649e-001, 7.90175978e-006, 4.49092424e-007],\n",
      "        [1.00817792e-006, 3.45213698e-005, 9.99964470e-001]],\n",
      "\n",
      "       [[1.27754031e-274, 1.35240763e-014, 1.00000000e+000],\n",
      "        [1.51706056e-102, 9.95018360e-001, 4.98163984e-003],\n",
      "        [1.00000000e+000, 2.85147257e-023, 1.20452822e-025],\n",
      "        [1.86346619e-095, 9.99046953e-001, 9.53046737e-004],\n",
      "        [3.09885000e-131, 6.71242027e-001, 3.28757973e-001],\n",
      "        [1.65526687e-158, 6.51098401e-003, 9.93489016e-001],\n",
      "        [6.59051011e-139, 1.42152733e-001, 8.57847267e-001],\n",
      "        [3.44197629e-137, 5.32496019e-001, 4.67503981e-001],\n",
      "        [1.00000000e+000, 9.35556130e-024, 7.97943779e-026],\n",
      "        [2.65892753e-041, 9.99999111e-001, 8.89104571e-007],\n",
      "        [1.25745284e-059, 9.99993785e-001, 6.21504655e-006],\n",
      "        [6.08298717e-273, 8.86194962e-015, 1.00000000e+000],\n",
      "        [1.00000000e+000, 6.90077233e-025, 1.24135980e-026],\n",
      "        [9.28715224e-123, 9.27411651e-001, 7.25883493e-002],\n",
      "        [5.15791005e-161, 6.71701664e-003, 9.93282983e-001],\n",
      "        [5.64125901e-140, 1.47530276e-001, 8.52469724e-001],\n",
      "        [9.27001995e-060, 9.99996341e-001, 3.65928619e-006],\n",
      "        [1.00000000e+000, 7.69324899e-015, 2.19582489e-018],\n",
      "        [5.08330136e-033, 9.99999382e-001, 6.17706999e-007],\n",
      "        [1.00000000e+000, 2.90850150e-025, 3.91520494e-027],\n",
      "        [5.13887563e-115, 8.23458470e-001, 1.76541530e-001],\n",
      "        [1.00000000e+000, 7.83545870e-025, 1.63349057e-026],\n",
      "        [2.96073908e-110, 8.83037604e-001, 1.16962396e-001],\n",
      "        [2.01283603e-048, 9.99998804e-001, 1.19641614e-006],\n",
      "        [1.46868288e-035, 9.99999471e-001, 5.29441704e-007],\n",
      "        [1.00000000e+000, 2.13937084e-028, 6.69430670e-028],\n",
      "        [6.80525196e-208, 2.17845429e-007, 9.99999782e-001],\n",
      "        [3.16053642e-075, 9.99959807e-001, 4.01931907e-005],\n",
      "        [5.15791005e-161, 6.71701664e-003, 9.93282983e-001],\n",
      "        [1.00000000e+000, 8.14949222e-020, 1.07823876e-022],\n",
      "        [1.00000000e+000, 1.18458250e-020, 1.75630378e-022],\n",
      "        [1.54909306e-105, 9.64566419e-001, 3.54335812e-002],\n",
      "        [4.31906588e-143, 3.85443394e-002, 9.61455661e-001],\n",
      "        [1.00000000e+000, 3.59454865e-024, 4.38589336e-026],\n",
      "        [1.12355100e-098, 9.94666330e-001, 5.33366974e-003],\n",
      "        [1.13789993e-096, 9.93786645e-001, 6.21335520e-003],\n",
      "        [1.00000000e+000, 1.01705521e-019, 7.89596504e-023],\n",
      "        [4.26091486e-175, 2.06705038e-004, 9.99793295e-001]],\n",
      "\n",
      "       [[6.52840458e-007, 5.73745601e-007, 9.99998773e-001],\n",
      "        [7.01607159e-007, 9.99998584e-001, 7.13895483e-007],\n",
      "        [9.99998752e-001, 5.79624337e-007, 6.68777359e-007],\n",
      "        [7.01607159e-007, 9.99998584e-001, 7.13895483e-007],\n",
      "        [5.89470437e-007, 1.40985865e-006, 9.99998001e-001],\n",
      "        [6.51027722e-007, 5.72121509e-007, 9.99998777e-001],\n",
      "        [2.60262145e-006, 9.99994818e-001, 2.57975757e-006],\n",
      "        [6.51027722e-007, 5.72121509e-007, 9.99998777e-001],\n",
      "        [9.99998752e-001, 5.79624337e-007, 6.68777359e-007],\n",
      "        [7.01607159e-007, 9.99998584e-001, 7.13895483e-007],\n",
      "        [7.01607159e-007, 9.99998584e-001, 7.13895483e-007],\n",
      "        [6.49186316e-007, 5.72121470e-007, 9.99998779e-001],\n",
      "        [9.99998752e-001, 5.79624337e-007, 6.68777359e-007],\n",
      "        [1.49932610e-006, 1.50516052e-003, 9.98493340e-001],\n",
      "        [6.51027722e-007, 5.72121509e-007, 9.99998777e-001],\n",
      "        [2.60260999e-006, 9.99990413e-001, 6.98391472e-006],\n",
      "        [7.01607159e-007, 9.99998584e-001, 7.13895483e-007],\n",
      "        [9.99998752e-001, 5.79624337e-007, 6.68777359e-007],\n",
      "        [7.01607159e-007, 9.99998584e-001, 7.13895483e-007],\n",
      "        [9.99998752e-001, 5.79624337e-007, 6.68777359e-007],\n",
      "        [6.67365448e-007, 9.99998634e-001, 6.98597846e-007],\n",
      "        [9.99998752e-001, 5.79624337e-007, 6.68777359e-007],\n",
      "        [6.71034202e-007, 9.99998630e-001, 6.98597844e-007],\n",
      "        [7.01607159e-007, 9.99998584e-001, 7.13895483e-007],\n",
      "        [6.49431869e-002, 8.68976176e-001, 6.60806367e-002],\n",
      "        [9.99998752e-001, 5.79624337e-007, 6.68777359e-007],\n",
      "        [6.52877184e-007, 5.73745600e-007, 9.99998773e-001],\n",
      "        [7.01607159e-007, 9.99998584e-001, 7.13895483e-007],\n",
      "        [6.51027722e-007, 5.72121509e-007, 9.99998777e-001],\n",
      "        [9.99998752e-001, 5.79624337e-007, 6.68777359e-007],\n",
      "        [9.99998752e-001, 5.79624337e-007, 6.68777359e-007],\n",
      "        [6.67365448e-007, 9.99998634e-001, 6.98597846e-007],\n",
      "        [1.20456797e-004, 1.05856904e-004, 9.99773686e-001],\n",
      "        [9.99998752e-001, 5.79624337e-007, 6.68777359e-007],\n",
      "        [7.01607159e-007, 9.99998584e-001, 7.13895483e-007],\n",
      "        [7.01607159e-007, 9.99998584e-001, 7.13895483e-007],\n",
      "        [9.99998752e-001, 5.79624337e-007, 6.68777359e-007],\n",
      "        [6.52877184e-007, 5.73745600e-007, 9.99998773e-001]]])\n",
      "array([[[1.38170983e-004, 3.50003847e-001, 6.49857982e-001],\n",
      "        [2.24786027e-002, 5.56101703e-001, 4.21419695e-001],\n",
      "        [8.37023245e-001, 1.62833279e-001, 1.43476116e-004],\n",
      "        [1.37521744e-002, 6.22707881e-001, 3.63539944e-001],\n",
      "        [3.58457246e-003, 4.40125232e-001, 5.56290196e-001],\n",
      "        [1.71967811e-003, 3.47864307e-001, 6.50416015e-001],\n",
      "        [6.89394304e-003, 3.02224403e-001, 6.90881654e-001],\n",
      "        [2.19069400e-003, 3.69094878e-001, 6.28714428e-001],\n",
      "        [8.63748078e-001, 1.36158126e-001, 9.37959544e-005],\n",
      "        [4.23273707e-002, 6.96242741e-001, 2.61429889e-001],\n",
      "        [3.06726004e-002, 8.09829789e-001, 1.59497611e-001],\n",
      "        [3.65890340e-004, 1.59752739e-001, 8.39881371e-001],\n",
      "        [8.10703275e-001, 1.89221432e-001, 7.52925577e-005],\n",
      "        [3.44338859e-003, 4.77492991e-001, 5.19063620e-001],\n",
      "        [1.47521290e-003, 2.82129860e-001, 7.16394927e-001],\n",
      "        [5.35618996e-003, 3.51214925e-001, 6.43428885e-001],\n",
      "        [5.23273411e-002, 7.27533443e-001, 2.20139216e-001],\n",
      "        [9.09885270e-001, 8.99609186e-002, 1.53811003e-004],\n",
      "        [3.03691513e-001, 6.14988357e-001, 8.13201292e-002],\n",
      "        [8.53605527e-001, 1.46288657e-001, 1.05815275e-004],\n",
      "        [2.91052567e-002, 6.53362290e-001, 3.17532454e-001],\n",
